SampleNum	GroupNum	objId	Concentration
1	1	1004699	0.001
2	1	1004698	0.005
3	1	1004700	0.1
4	1	1004701	0.5
5	1	1004705	0.5
6	1	1004702	1.0
7	1	1004703	5.0
8	1	1004704	10.0
9	1	1004706	100.0
10	2	1004374	0.02
11	2	1004370	0.2
12	2	1004373	0.2
13	2	1004368	2.0
14	2	1004372	2.0
15	2	1004369	20.0
16	2	1004371	20.0
17	3	1004796	0.01
18	3	1004797	0.1
19	3	1004798	0.5
20	3	1004799	1.0
21	3	1004802	10.0
22	3	1004800	50.0
23	3	1004801	100.0
24	4	1004463	0.1
25	4	1004464	0.5
26	4	1004465	1.0
27	4	1004466	10.0
28	4	1004467	50.0
29	4	1004468	100.0
30	5	1004503	0.01
31	5	1004504	0.1
32	5	1004505	0.5
33	5	1004506	1.0
34	5	1004507	5.0
35	5	1004508	50.0
36	6	1004161	0.1
37	6	1004165	0.5
38	6	1004166	1.0
39	6	1004167	5.0
40	6	1004162	10.0
41	7	1004163	0.1
42	7	1004168	0.5
43	7	1004169	1.0
44	7	1004170	5.0
45	7	1004164	10.0
46	8	1004209	0.01
47	8	1004210	0.1
48	8	1004211	1.0
49	8	1004212	10.0
50	8	1004213	100.0
51	9	1004624	0.1
52	9	1004628	0.5
53	9	1004626	1.0
54	9	1004629	10.0
55	9	1004630	100.0
56	10	1004759	0.01
57	10	1004760	0.1
58	10	1004761	1.0
59	10	1004762	10.0
60	10	1004763	100.0
61	11	1004764	0.1
62	11	1004765	0.5
63	11	1004766	1.0
64	11	1004768	50.0
65	11	1004769	100.0
66	12	1004773	0.001
67	12	1004774	0.01
68	12	1004775	0.1
69	12	1004776	1.0
70	12	1004777	10.0
71	13	1006006	0.5
72	13	1006007	2.0
73	13	1006008	5.0
74	13	1006009	20.0
75	13	1006010	50.0
76	14	1003919	2.0
77	14	1003921	10.0
78	14	1003924	50.0
79	14	1003786	200.0
80	15	1004129	0.2
81	15	1004127	2.0
82	15	1004126	20.0
83	15	1004125	200.0
84	16	1004182	0.1
85	16	1004183	1.0
86	16	1004184	10.0
87	16	1004185	100.0
88	17	1004196	0.01
89	17	1004190	0.1
90	17	1004199	1.0
91	17	1004193	10.0
92	18	1004198	1.0
93	18	1004201	5.0
94	18	1004203	50.0
95	18	1004200	100.0
96	19	1004228	1.0
97	19	1004230	10.0
98	19	1004229	100.0
99	19	1004231	200.0
100	20	1004382	0.2
101	20	1004381	2.0
102	20	1004380	20.0
103	20	1004379	200.0
104	21	1004403	0.1
105	21	1004402	1.0
106	21	1004401	10.0
107	21	1004400	200.0
108	22	1004450	0.1
109	22	1004451	1.0
110	22	1004452	10.0
111	22	1004453	100.0
112	23	1004454	0.1
113	23	1004455	1.0
114	23	1004456	10.0
115	23	1004457	100.0
116	24	1004459	1.0
117	24	1004460	5.0
118	24	1004461	10.0
119	24	1004462	50.0
120	25	1004483	0.1
121	25	1004484	1.0
122	25	1004485	10.0
123	25	1004486	100.0
124	26	1004487	0.1
125	26	1004488	1.0
126	26	1004489	10.0
127	26	1004490	100.0
128	27	1004495	0.1
129	27	1004496	1.0
130	27	1004497	10.0
131	27	1004498	100.0
132	28	1004499	0.1
133	28	1004500	1.0
134	28	1004501	10.0
135	28	1004502	100.0
136	29	1004509	0.1
137	29	1004510	1.0
138	29	1004511	10.0
139	29	1004512	100.0
140	30	1004513	0.1
141	30	1004514	1.0
142	30	1004515	10.0
143	30	1004516	100.0
144	31	1004533	0.1
145	31	1004534	1.0
146	31	1004535	10.0
147	31	1004536	100.0
148	32	1004540	0.1
149	32	1004541	1.0
150	32	1004542	10.0
151	32	1004543	100.0
152	33	1004544	0.1
153	33	1004545	1.0
154	33	1004546	10.0
155	33	1004547	100.0
156	34	1004549	0.1
157	34	1004550	1.0
158	34	1004551	10.0
159	34	1004552	100.0
160	35	1004553	0.1
161	35	1004554	1.0
162	35	1004555	10.0
163	35	1004556	100.0
164	36	1004572	0.1
165	36	1004573	1.0
166	36	1004574	10.0
167	36	1004575	100.0
168	37	1004576	0.1
169	37	1004577	1.0
170	37	1004578	10.0
171	37	1004579	100.0
172	38	1004580	0.1
173	38	1004581	1.0
174	38	1004582	10.0
175	38	1004583	100.0
176	39	1004587	0.1
177	39	1004588	1.0
178	39	1004590	10.0
179	39	1004591	100.0
180	40	1004595	0.1
181	40	1004596	1.0
182	40	1004597	10.0
183	40	1004598	100.0
184	41	1004600	0.1
185	41	1004601	1.0
186	41	1004602	10.0
187	41	1004603	100.0
188	42	1004604	0.1
189	42	1004605	1.0
190	42	1004606	10.0
191	42	1004607	100.0
192	43	1004609	0.1
193	43	1004610	1.0
194	43	1004611	10.0
195	43	1004612	100.0
196	44	1004613	0.1
197	44	1004614	1.0
198	44	1004615	10.0
199	44	1004616	100.0
200	45	1004618	0.1
201	45	1004619	1.0
202	45	1004621	10.0
203	45	1004622	100.0
204	46	1004620	0.1
205	46	1004623	1.0
206	46	1004625	10.0
207	46	1004627	100.0
208	47	1004633	0.1
209	47	1004634	1.0
210	47	1004637	10.0
211	47	1004638	100.0
212	48	1004635	0.1
213	48	1004636	1.0
214	48	1004639	10.0
215	48	1004640	100.0
216	49	1004645	0.1
217	49	1004646	1.0
218	49	1004647	10.0
219	49	1004648	100.0
220	50	1004649	0.1
221	50	1004650	1.0
222	50	1004651	10.0
223	50	1004652	100.0
224	51	1004653	0.1
225	51	1004654	1.0
226	51	1004655	10.0
227	51	1004656	100.0
228	52	1004661	0.1
229	52	1004663	1.0
230	52	1004665	10.0
231	52	1004668	100.0
232	53	1004674	0.1
233	53	1004676	1.0
234	53	1004677	10.0
235	53	1004678	100.0
236	54	1004682	0.1
237	54	1004683	1.0
238	54	1004684	10.0
239	54	1004685	100.0
240	55	1004687	0.1
241	55	1004688	1.0
242	55	1004689	10.0
243	55	1004690	100.0
244	56	1004711	0.1
245	56	1004712	1.0
246	56	1004713	10.0
247	56	1004714	100.0
248	57	1004716	0.1
249	57	1004717	1.0
250	57	1004718	10.0
251	57	1004719	100.0
252	58	1004720	0.1
253	58	1004721	1.0
254	58	1004722	10.0
255	58	1004723	100.0
256	59	1004725	1.0
257	59	1004726	3.0
258	59	1004727	10.0
259	59	1004728	100.0
260	60	1004729	0.1
261	60	1004730	1.0
262	60	1004731	10.0
263	60	1004732	100.0
264	61	1004738	1.0
265	61	1004739	5.0
266	61	1004740	10.0
267	61	1004741	100.0
268	62	1004747	0.1
269	62	1004748	1.0
270	62	1004749	10.0
271	62	1004750	100.0
272	63	1004754	0.1
273	63	1004755	1.0
274	63	1004756	10.0
275	63	1004757	100.0
276	64	1004786	0.1
277	64	1004787	1.0
278	64	1004788	10.0
279	64	1004789	100.0
280	65	1004803	0.01
281	65	1004805	0.04
282	65	1004804	0.2
283	65	1004806	1.0
284	66	1004823	0.1
285	66	1004824	1.0
286	66	1004825	10.0
287	66	1004826	180.0
288	67	1004862	0.1
289	67	1004864	1.0
290	67	1004865	10.0
291	67	1004866	200.0
292	68	1004867	0.1
293	68	1004875	1.0
294	68	1004877	10.0
295	68	1004878	200.0
296	69	1005742	0.2
297	69	1005743	2.0
298	69	1005744	20.0
299	69	1005033	200.0
300	70	1005378	0.2
301	70	1005379	2.0
302	70	1005380	20.0
303	70	1005377	200.0
304	71	1005400	0.2
305	71	1005401	2.0
306	71	1005402	20.0
307	71	1005403	200.0
308	72	1005520	2.0
309	72	1005523	5.0
310	72	1005521	20.0
311	72	1005522	200.0
312	73	1005534	0.2
313	73	1005533	2.0
314	73	1005532	20.0
315	73	1005531	200.0
316	74	1005538	0.02
317	74	1005537	2.0
318	74	1005536	20.0
319	74	1005535	200.0
320	75	1005542	0.02
321	75	1005541	0.2
322	75	1005540	2.0
323	75	1005539	200.0
324	76	1005736	10.0
325	76	1005737	30.0
326	76	1005569	100.0
327	76	1005568	500.0
328	77	1005656	0.01
329	77	1005657	0.1
330	77	1005658	1.0
331	77	1005659	10.0
332	78	1005692	0.2
333	78	1005694	2.0
334	78	1005695	20.0
335	78	1005696	200.0
336	79	1005772	2.0
337	79	1005773	10.0
338	79	1005774	50.0
339	79	1005775	200.0
340	80	1005925	2.0
341	80	1005927	20.0
342	80	1005926	50.0
343	80	1005928	200.0
344	81	1005973	2.0
345	81	1005975	4.0
346	81	1005976	7.5
347	81	1005977	20.0
348	82	1006002	0.5
349	82	1006003	2.0
350	82	1006004	5.0
351	82	1006005	10.0
352	83	1006378	0.5
353	83	1006379	2.0
354	83	1006380	5.0
355	83	1006381	200.0
356	84	1006382	0.2
357	84	1006383	1.0
358	84	1006384	2.0
359	84	1006385	200.0
360	85	1003886	0.2
361	85	1003885	2.0
362	85	1003874	20.0
363	86	1003887	0.2
364	86	1003884	2.0
365	86	1003879	20.0
366	87	1003888	0.2
367	87	1003883	2.0
368	87	1003880	20.0
369	88	1004022	0.1
370	88	1004023	1.0
371	88	1004024	10.0
372	89	1004043	2.0
373	89	1004042	20.0
374	89	1004041	200.0
375	90	1004095	0.1
376	90	1004093	1.0
377	90	1004091	10.0
378	91	1004214	0.1
379	91	1004215	1.0
380	91	1004216	10.0
381	92	1004225	1.0
382	92	1004227	10.0
383	92	1004226	100.0
384	93	1004232	1.0
385	93	1004233	100.0
386	93	1004234	200.0
387	94	1004446	1.0
388	94	1004447	10.0
389	94	1004448	100.0
390	95	1004470	0.1
391	95	1004471	1.0
392	95	1004472	10.0
393	96	1004475	0.1
394	96	1004476	1.0
395	96	1004477	10.0
396	97	1004491	0.1
397	97	1004492	1.0
398	97	1004493	10.0
399	98	1004529	0.1
400	98	1004530	1.0
401	98	1004531	10.0
402	99	1004664	1.0
403	99	1004666	10.0
404	99	1004667	100.0
405	100	1004679	1.0
406	100	1004680	10.0
407	100	1004681	100.0
408	101	1004692	1.0
409	101	1004693	10.0
410	101	1004694	100.0
411	102	1004695	1.0
412	102	1004696	10.0
413	102	1004697	100.0
414	103	1004733	0.1
415	103	1004734	1.0
416	103	1004736	100.0
417	104	1004743	1.0
418	104	1004744	10.0
419	104	1004745	100.0
420	105	1004770	0.1
421	105	1004771	0.5
422	105	1004772	1.0
423	106	1004790	10.0
424	106	1004791	50.0
425	106	1004792	100.0
426	107	1004793	0.1
427	107	1004794	1.0
428	107	1004795	10.0
429	108	1004810	1.0
430	108	1004809	10.0
431	108	1004808	180.0
432	109	1004856	0.2
433	109	1004853	2.0
434	109	1004818	20.0
435	110	1004839	20.0
436	110	1004835	100.0
437	110	1004837	200.0
438	111	1004855	0.02
439	111	1004854	0.2
440	111	1004841	2.0
441	112	1004860	0.02
442	112	1004858	0.2
443	112	1004857	2.0
444	113	1004863	0.2
445	113	1004861	2.0
446	113	1004859	20.0
447	114	1005107	200.0
448	114	1005108	200.0
449	114	1005109	500.0
450	115	1005132	2.0
451	115	1005131	20.0
452	115	1005130	200.0
453	116	1005218	2.0
454	116	1005214	20.0
455	116	1005211	200.0
456	117	1005392	5.0
457	117	1005387	50.0
458	117	1005394	200.0
459	118	1005399	2.0
460	118	1005398	20.0
461	118	1005396	200.0
462	119	1005425	2.0
463	119	1005424	10.0
464	119	1005423	50.0
465	120	1005434	0.1
466	120	1005433	1.0
467	120	1005431	10.0
468	121	1005437	2.0
469	121	1005435	10.0
470	121	1005432	50.0
471	122	1005506	5.0
472	122	1005507	5.0
473	122	1006422	10.0
474	123	1005547	0.2
475	123	1005548	2.0
476	123	1005546	200.0
477	124	1005556	1.0
478	124	1005555	10.0
479	124	1005554	90.0
480	125	1005588	0.2
481	125	1005587	2.0
482	125	1005585	200.0
483	126	1005607	1.0
484	126	1005606	5.0
485	126	1005608	20.0
486	127	1005690	0.2
487	127	1005691	2.0
488	127	1005693	200.0
489	128	1005730	2.0
490	128	1005731	20.0
491	128	1005727	200.0
492	129	1005732	2.0
493	129	1005733	20.0
494	129	1005729	200.0
495	130	1005745	0.2
496	130	1005746	2.0
497	130	1005747	200.0
498	131	1005748	0.2
499	131	1005749	2.0
500	131	1005750	200.0
501	132	1005765	2.0
502	132	1005764	20.0
503	132	1005763	200.0
504	133	1005800	2.0
505	133	1005798	20.0
506	133	1005796	200.0
507	134	1005856	0.5
508	134	1005855	5.0
509	134	1005854	50.0
510	135	1005980	0.2
511	135	1005981	2.0
512	135	1005982	200.0
513	136	1006033	0.2
514	136	1006034	2.0
515	136	1006035	20.0
516	137	1006061	2.0
517	137	1006060	20.0
518	137	1006059	200.0
519	138	1006086	5.0
520	138	1006085	50.0
521	138	1006084	200.0
522	139	1006120	20.0
523	139	1006119	50.0
524	139	1006118	200.0
525	140	1006168	2.0
526	140	1006169	20.0
527	140	1006182	200.0
528	141	1006170	2.0
529	141	1006171	20.0
530	141	1006183	200.0
531	142	1006172	2.0
532	142	1006173	20.0
533	142	1006184	200.0
534	143	1006174	2.0
535	143	1006175	20.0
536	143	1006185	200.0
537	144	1006176	2.0
538	144	1006177	20.0
539	144	1006180	200.0
540	145	1006305	10.0
541	145	1006304	50.0
542	145	1006302	200.0
543	146	1006332	2.0
544	146	1006331	20.0
545	146	1006330	200.0
546	147	1006340	10.0
547	147	1006339	50.0
548	147	1006338	200.0
